10350
10364
10368
10382
10383
10385
10388
10390
10392
10394
10397
10398
10399
10400
10401
10402
10404
10406
10407
10410
10414
10416
10417
10419
10420
10430
10432
10438
10442
10443
10448
10452
10454
10455
10458
10466
10467
10469
10480
10484
10485
10486
10489
10490
10491
10492
10494
10495
10501
10504
10505
10510
10519
10520
10523
10530
10531
10532
10533
10535
10539
10540
10542
10543
10544
10545
10546
10547
10567
10575
10576
10577
10579
10581
10585
10613
10622
10631
10632
10633
10636
10637
10642
10645
10651
10652
10656
10658
10659
11769
11770
11774
11779
11780
11783
11788
11792
11793
11795
11797
11798
11802
11803
11804
11805
11808
11809
11812
11819
11823
11825
11826
11828
11834
11846
11848
11849
11852
11855
11856
11858
11860
11862
11864
11866
11867
11869
11871
11872
11873
11874
11878
11898
11904
11905
11906
11910
11913
11920
11923
11925
11926
11928
11929
11930
11933
11935
11936
11941
11942
11943
11946
11948
11950
11951
11965
11967
11971
11973
11974
11977
11982
11995
11996
11998
12000
12003
12004
12014
12015
12016
12017
12018
12021
12023
12031
12035
12039
12042
12043
12044
12046
12048
12049
12050
12053
12056
12058
12059
12060
12062
12064
11094
11095
11107
11111
11112
11118
11120
11122
11123
11124
11126
11127
11130
11131
11132
11133
11140
11141
11143
11144
11146
11147
11157
11163
11166
11167
11169
11172
11173
11174
11177
11183
11201
11202
11203
11204
11205
11208
11218
11219
11220
11223
11224
11226
11227
11228
11230
11236
11269
11275
11279
11282
11283
11284
11285
11288
11298
11347
11350
11369
11372
11390
11391
11392
11395
11397
11398
11404
11405
11406
11408
11414
11415
11416
11418
11438
11443
11447
11448
11449
11453
11455
11456
11457
11459
11462
11465
11472
11473
11475
11477
11478
11481
11482
11483
11485
11491
11493
11494
11495
11496
11497
11499
10187
10188
10189
10195
10196
10197
10200
10201
10203
10205
10206
10207
10209
10210
10213
10216
10217
10218
10220
10223
10235
10240
10245
10246
10249
10251
10260
10263
10265
10267
10269
10272
10277
10278
10286
10288
10301
10307
10313
10314
10315
10316
10317
10320
10321
10322
10324
10327
10329
10334
10336
10337
10338
10339
10340
10344
10769
10770
10771
10772
10773
10777
10778
10779
10780
10781
10787
10788
10789
10813
10815
10821
10840
10853
10873
10874
10876
10877
10879
10884
10889
10908
10909
10910
10920
10944
10947
10951
10955
10965
10966
10969
10970
10974
10980
10981
10982
11015
11016
11019
11020
11024
11025
11062
11066
11068
11070
11071
11074
11076
11077
11087
11088
11090
11091
11504
11505
11506
11511
11513
11514
11517
11521
11522
11524
11526
11527
11528
11535
11540
11541
11542
11543
11548
11550
11551
11553
11554
11556
11558
11566
11568
11569
11571
11576
11584
11594
11595
11598
11599
11601
11602
11603
11605
11606
11607
11608
11609
11611
11616
11618
11619
11632
11633
11634
11636
11637
11638
11670
11671
11672
11679
11688
11689
11692
11718
11726
11729
11732
11734
11735
11737
11742
11745
11746
11747
11748
11752
11753
11755
11756
11759
11760
11763
11764
11765
11766
10665
10666
10671
10675
10676
10678
10680
10681
10682
10683
10689
10690
10692
10694
10695
10696
10698
10703
10704
10706
10722
10723
10725
10726
10728
10745
10747
10749
10754
10755
10756
10757
10758
10759
10760
10761
10762
10028
10029
10031
10048
10049
10050
10051
10058
10060
10063
10069
10079
10080
10082
10084
10086
10087
10090
10092
10109
10111
10112
10113
10114
10115
10119
10120
10121
10122
10129
10130
10137
10148
10149
10150
10151
10154
10160
10161
10006
10008
10013
10014
10017
10018
10020
10022
10025
10764
13480
13481
13482
13492
13505
13509
13512
13515
13522
13538
13539
13540
13541
13542
13543
13546
13553
13554
13561
13562
13566
13569
13571
13572
13573
13574
13577
13578
13579
13580
13584
13586
13588
13590
13591
13592
13596
13597
13599
13602
13605
13607
13608
13609
13610
13611
13613
13614
13615
13618
13634
13636
13645
13647
13648
13650
13652
13659
13661
13673
13674
13678
13680
13682
13687
13689
13691
13698
13701
13702
13709
13715
13716
13725
13726
13728
13732
13734
13736
13741
13742
13743
13744
13746
13771
13772
13777
13780
13781
13788
13789
13802
13804
12921
12924
12925
12928
12930
12958
12972
13007
13008
13009
13015
13019
13020
13021
13023
13026
13032
13034
13055
13079
13084
13085
13087
13107
13119
13121
13124
13125
13127
13132
13133
13135
13140
13141
13142
13145
13147
13168
13170
13204
13205
13225
13229
13230
13231
13233
13241
13246
13250
13252
13254
13255
13257
13259
13262
13264
13267
13268
13274
13275
13276
13285
13286
13291
13333
13337
13338
13340
13341
13356
13358
13359
13361
13370
13376
13377
13380
13383
13386
13389
13391
13414
13415
13416
13418
13420
13421
13423
13428
13432
13435
13449
13454
13458
13459
13460
13461
12587
12589
12591
12594
12600
12602
12612
12623
12624
12625
12633
12634
12635
12640
12641
12642
12645
12647
12648
12649
12652
12655
12657
12660
12662
12663
12665
12668
12677
12678
12679
12684
12686
12689
12690
12692
12704
12705
12709
12710
12711
12713
12714
12715
12717
12718
12720
12723
12725
12727
12729
12730
12733
12735
12736
12737
12738
12739
12740
12743
12744
12746
12747
12748
12752
12756
12757
12758
1276
12764
12765
12769
12772
12778
12783
12785
12788
12790
12791
12798
12800
12804
12805
12806
12815
12816
12819
12821
12826
12827
12831
12833
12834
12836
12838
12841
12842
12843
12844
12848
12849
12859
12888
12889
12890
12902
12904
12905
12907
12908
12911
12913
12914
12917
12918
13958
13959
13960
13964
13967
13968
13969
13971
13972
13973
13975
13976
13983
13985
13988
13989
13991
13992
13993
13994
13995
13998
13999
14001
14003
14004
14005
14006
14007
14008
14009
14012
14014
14019
14021
14022
14026
14028
14034
14038
14042
14043
14044
14047
14048
14054
14059
14062
14063
14066
14067
14068
14070
14073
14074
14075
14077
14079
14081
14082
14086
14090
13806
13816
13820
13822
13823
13824
13826
13828
13832
13835
13837
13839
13840
13842
13847
13850
13851
13854
13857
13858
13860
13862
13864
1387
13888
13891
13894
13908
13912
13914
13917
13927
13928
13931
13936
13937
13942
13943
13944
13945
13946
13947
13948
13949
13952
13955
13956
13957
12330
12331
12333
12334
12335
12337
12339
12340
12342
12344
12347
12350
12351
12352
12354
12370
12371
12379
12384
12385
12386
12387
12389
12395
12400
12401
12402
12406
12410
12415
12418
12419
12422
12423
12430
12444
12445
12446
12452
12465
12466
12467
12468
12474
12475
12476
12477
12478
12479
1248
12480
12488
12506
12507
12519
12525
12527
12529
12538
1254
12542
12547
12549
1255
12550
12551
12552
12553
12556
12560
12561
12563
12564
12567
12584
12585
12122
12124
12125
12128
12131
12133
12135
12137
12138
12140
12143
12145
12147
12148
12152
12157
12158
12163
12166
12173
12176
12179
12180
12183
12184
12186
12187
12188
12189
12196
12198
12199
12201
12204
12205
12207
12213
12215
12216
12221
12244
12245
12246
12247
12251
12252
12253
12261
12263
12265
12266
12268
12270
12279
12286
12287
12288
12289
12294
12296
12298
12299
12301
12303
12306
12308
12309
12310
12315
12316
12318
12321
12322
12323
12324
14094
14095
14096
14097
14100
14101
14102
14104
14105
14107
14108
14117
12069
12082
12084
12090
12092
12093
12095
12101
12110
12121
14800
14801
14805
14806
14808
14809
14811
14812
14814
14815
14817
14823
14825
14826
14828
14832
14833
14835
14842
14843
14845
14848
14849
14850
14851
14852
14855
14858
14860
14861
14862
14865
14868
14869
14870
14872
14878
14886
14888
14889
14890
14891
14892
14895
14896
14906
14907
14908
14913
14915
14918
14927
14935
15054
15056
15057
15059
15060
15064
15065
15069
15070
15075
15079
15080
15082
15088
15090
15091
15094
15096
15097
15098
15099
15101
15102
15104
15110
15115
15131
15133
15135
15140
15141
15143
15145
15155
15156
15157
15160
15165
15166
15171
15172
15173
15178
15179
15183
15187
15188
15190
15191
15192
15206
15211
15217
15218
15222
15223
15224
15225
15233
15234
15235
15236
15237
15238
15243
15249
15250
15253
15254
15255
15257
15266
15267
15269
1527
15274
15278
15281
15284
15289
15293
15294
15295
15296
15297
15298
15299
15308
15309
15312
15314
15315
15318
15319
15325
15326
15333
15335
15337
15341
15342
15343
15344
15349
1535
15350
15352
15358
15359
15364
15365
15366
15371
15373
15377
15380
15386
15387
15390
15392
15394
15397
15400
15401
15402
15404
15406
15409
15412
15418
15423
15428
15429
15430
15431
15432
15433
15435
15440
15442
15447
15448
15449
15450
15451
15614
15616
15617
15618
15625
15637
15641
15642
15644
15645
15647
15648
15654
15657
15660
15661
15663
15666
15670
15671
15672
15673
15674
15678
15679
1568
15682
15684
15685
15687
1569
15690
15693
15695
15696
15698
15699
15700
15701
15708
15709
15714
15717
15718
15724
15726
15727
15729
15730
15731
15732
15737
15739
15743
15745
15747
15748
15752
15753
15754
15755
15756
15757
15758
15768
15769
15771
15772
15774
15795
15797
14616
14617
14618
14624
14626
14629
14630
14632
14635
14636
14638
14640
14641
14644
14646
14647
14648
14650
14651
14652
14655
14657
14658
14660
14661
14664
14666
14669
14670
14673
14674
14677
14681
14682
14683
14686
14687
14688
14690
14691
14693
14695
14696
14701
14703
14707
14708
14711
14714
14715
14719
14720
14721
14726
14728
14732
14733
14734
14735
14736
14737
14738
14740
14746
14747
14748
14749
14751
14752
14756
14759
14760
14761
14762
14764
14767
14769
14770
14773
14774
14776
14780
14781
14782
14783
14785
14789
14790
14792
14428
14433
14437
14438
14442
14443
14446
14453
14454
14455
14456
14468
14471
14484
14486
14488
14490
14492
14493
14494
14495
14501
14503
14507
14509
14511
14512
14514
14516
14517
14518
14519
14521
14523
14524
14526
14529
14531
14534
14535
1454
14542
14544
14545
14546
14552
14556
14557
14568
14571
14572
14573
14575
14576
14582
14583
14584
14590
14592
14593
14594
14598
14600
14602
14603
14605
14607
14610
14611
14612
15453
15458
15460
15466
15469
1547
15475
15476
15477
15478
15481
15482
15483
15484
15487
15490
15491
15492
15495
15496
15497
15498
15499
1550
15503
15506
15509
15510
15512
15515
15517
15518
1552
15520
15521
15522
15523
15525
15526
15528
15530
15534
15535
15536
15538
15545
15550
15551
15553
15554
15558
15559
15560
15561
15563
15564
15565
15568
1557
15570
15571
15572
15573
15574
15579
15581
15583
15588
15593
15599
15606
15610
15611
15612
15613
14242
14244
14248
14256
14257
14260
14266
14267
14268
14275
14280
14282
14284
14287
14288
14292
14293
14296
14299
14301
14302
14303
14305
14311
14321
14322
14323
14324
14326
14328
14329
14330
14331
14333
14335
14337
14338
14340
14342
1435
14352
14353
14354
14355
14358
14359
14364
14367
14368
14371
14374
14378
14380
14381
14382
14383
14384
14385
14388
14395
14398
14402
14416
14417
1442
14420
14421
14422
14424
14425
14426
14122
14127
14128
14135
14138
14141
14142
14143
14147
14149
14151
14160
14161
14163
14166
14171
14172
14173
14174
14176
14179
14182
14186
14187
14188
14194
14199
14202
14203
14204
14205
14206
14207
14208
14211
14213
14214
14217
14219
14221
14222
14225
14226
14231
14232
14234
14237
15802
15804
15806
15809
15811
15812
15819
15830
15836
15837
1584
15841
15846
15850
15859
15862
15863
15866
15880
15883
15884
15886
15892
15894
15896
15897
15904
15906
15910
16052
16059
16060
16065
16067
16073
16074
16075
16077
1608
16081
16083
16085
16086
16087
16088
16089
16093
16098
16102
16106
16113
16117
16118
16120
16121
16122
16123
16129
16134
16139
16140
16141
16143
16146
16147
16148
16150
16151
16152
16157
16158
16163
16167
16174
16176
16201
16205
16207
16208
16209
16210
16212
16215
16216
16217
16218
16249
16250
16253
16255
16262
16263
16264
16265
16266
16268
16269
16272
16288
16289
16291
16296
16297
16300
16301
16305
16308
16311
16312
16315
16320
16322
16324
16325
16331
16332
16334
16341
16342
16346
16735
16736
16749
16751
16752
16754
16756
16757
16758
16761
16762
16763
16764
16767
1677
16771
16772
16777
16783
16788
16789
16791
16794
16795
16796
16799
1680
16801
16806
16808
16810
16811
16813
16816
16817
16822
16823
16824
16827
16828
16829
16832
16834
16835
1684
16842
16846
16847
16849
16850
16851
16862
16863
16864
16877
16878
16883
16885
16887
16890
16897
16898
16899
16900
16902
16904
16907
16908
16919
16921
16922
16924
16927
16929
16930
16935
16936
16937
16938
16939
16940
16942
16944
16945
16946
16949
16955
16958
1696
16962
16963
16967
16972
16973
16974
16978
16980
16981
16987
16988
16995
16999
17001
17006
17011
17012
17014
17016
17017
17019
17020
17021
17022
17025
17026
17028
17029
17031
17039
17044
17047
17051
17053
17054
17056
17059
17060
17062
17063
17068
17069
17070
17071
17072
17073
17074
17076
17078
17079
17082
17083
17086
17089
17091
17093
17094
17099
17103
17104
17106
17108
17109
17111
17112
17114
17115
17118
17120
17121
17122
17124
17125
17128
17129
17130
17131
17133
17134
17137
17140
17141
17143
17144
17147
17155
17156
1716
17161
17163
17170
17172
17173
16358
16359
16360
16363
16367
16368
16369
16370
16372
16401
16403
16408
16409
16411
16412
16413
16420
16424
16433
16434
16435
16438
16439
16442
16447
16448
16449
16454
16455
16458
16460
16461
16462
16463
16466
1647
16474
16477
16481
16482
16486
16489
16495
16498
16501
16503
16505
16507
16509
16511
16517
16521
16523
16525
16529
16531
16532
16533
16534
16535
16536
16537
16538
16542
16543
16545
16548
1655
16550
16556
16557
16558
1656
16566
16567
16569
16572
16576
16579
16581
16583
16584
16586
16587
16589
16592
16594
16603
16614
16616
16619
16620
16623
16624
16625
16628
16630
16632
16634
16648
16649
16653
16654
16655
16657
16658
16659
16661
16662
16664
16665
16669
1667
16671
16672
16675
16676
16679
16680
16683
16695
16700
16701
16707
16708
16711
16712
16713
16714
16717
16719
16721
16723
16726
16727
16728
16729
17175
17176
17177
17182
17184
17185
17190
17191
17193
17194
17195
17213
17217
17220
17221
17222
17225
17226
17228
17229
17232
17233
17234
17235
17237
17239
17240
17241
17242
17243
17244
17247
17254
17255
17257
17260
17261
17262
17263
17264
17266
17268
17273
17276
17279
17284
17286
1729
17290
17292
17295
17297
17302
17308
17309
17310
17311
17314
17320
17324
17325
17326
17332
17333
17334
17335
17338
17339
17340
17342
17347
17351
17362
17366
17367
17368
17369
17374
15922
15923
15925
15930
15931
15932
15934
15939
15942
15945
15947
15949
15950
15951
15953
15955
15956
15958
15959
15965
15967
15968
15969
15972
15974
15975
15978
15981
15982
15989
15990
15991
15995
15996
15997
15998
16000
16001
16004
16005
16008
16009
16011
16012
16020
16021
16022
16023
16025
16026
16030
16031
16033
16034
16036
16038
16045
16046
16047
16051
17376
17377
17378
17382
17384
17387
17388
17389
17390
17395
17396
17400
17402
17404
17405
17408
17409
17410
17411
17414
17415
17416
17417
1742
17421
17422
17423
17425
17426
17428
17429
17430
17440
17444
17445
17451
17452
17454
17456
17457
17458
1746
17469
1747
17470
17474
17475
17476
17477
1748
17482
17484
17485
17491
17493
17495
17496
17498
1750
17500
17501
17503
17504
17506
17508
17512
17513
17514
17517
17518
17520
17521
17523
17526
17529
17531
17533
17535
17538
17542
20759
20760
20761
20763
20764
20770
20772
20775
20776
20777
20780
20781
20782
20783
20785
20786
20787
20788
20789
20790
20793
20794
20795
20796
20797
20798
20799
20800
20801
20802
20804
20807
20810
20811
20818
20824
20828
20829
20834
20836
20844
20845
20847
20850
20853
20856
20859
20862
20863
20866
20871
20875
20876
20877
20878
20881
20882
20883
20886
20889
20893
20894
20896
20897
20901
20902
20907
20908
20909
20914
20916
20918
20920
20921
20924
20925
20926
20928
20934
20935
20941
20945
20946
20949
20953
20954
20956
20958
20959
20960
20967
20971
20975
20976
20977
20978
20979
20983
20987
20988
20989
21196
21199
21200
21202
21205
21208
21211
21212
21214
21219
21225
21226
21228
21229
21233
21234
21239
21243
21244
21245
21248
21250
21251
21252
21253
21254
21255
21256
21264
21266
21267
21269
21274
21275
21276
21278
21279
21280
21285
21286
21287
21293
21294
21297
21298
21302
21309
21310
21314
21315
21317
21318
21319
21321
21322
21323
21324
21327
21329
21330
21331
21339
21341
21342
21343
21345
21346
21349
21355
21356
21358
21362
21363
21366
21369
21370
21371
21372
21376
21390
21392
21393
21394
21398
21399
20356
20358
20359
20360
20361
20363
20364
20365
20374
20375
20377
20379
20381
20383
20387
20390
20391
20392
20395
20396
20400
20407
20408
20410
20411
20413
20416
20417
20421
20423
20426
20429
20431
20432
20433
20435
20436
20437
20439
20442
20444
20445
20446
20447
20448
20449
20450
20453
20455
20457
20460
20461
20462
20463
20465
20468
20473
20474
20478
20479
20496
20497
20499
20502
20503
20506
20511
20512
20513
20518
20519
20521
20522
20523
20524
20528
20530
20531
20532
20538
20539
20540
20541
20542
20547
20550
20991
20993
20994
20995
20998
21002
21003
21005
21008
21009
21010
21011
21024
21026
21027
21028
21030
21034
21038
21039
21042
21046
21047
21050
21051
21052
21053
21054
21062
21064
21065
21067
21073
21075
21076
21080
21084
21085
21086
21087
21090
21092
21094
21098
21100
21106
21107
21110
21114
21115
21117
21120
21121
21125
21126
21128
21129
21131
21132
21133
21134
21138
21139
21140
21141
21144
21147
21148
21149
21151
21152
21153
21155
21157
21160
21161
21162
21164
21165
21167
21169
21171
21172
21173
21175
21182
21185
21188
21189
21190
21191
21405
21409
21411
21417
21420
21422
21425
21427
21428
21429
21430
21434
21435
21437
21438
21439
21442
21448
21451
21452
21453
21454
21456
21459
21460
21463
21465
21471
21473
21474
21480
21482
21486
21488
21489
21490
21492
21493
21497
21500
21501
21506
21510
21513
21514
21516
21518
21520
21521
21522
21524
21525
21526
21530
21531
21533
21544
21547
21560
21565
21567
21568
21569
21570
21573
21574
21575
21576
21577
21578
21580
21581
21585
21589
21592
21595
21597
21599
21600
21603
21609
21613
21616
21619
21621
21623
21624
21626
21627
21628
20552
20553
20557
20561
20562
20564
20571
20572
20573
20574
20575
20576
20577
20578
20579
20580
20586
20590
20591
20594
20595
20597
20598
20601
20602
20606
20609
20612
20613
20616
20617
20620
20621
20626
20628
20629
20630
20631
20632
20634
20635
20636
20637
20639
20641
20642
20643
20644
20648
20655
20656
20673
20674
20675
20676
20677
20679
20680
20682
20683
20684
20686
20690
20691
20695
20698
20702
20704
20706
20707
20708
20711
20712
20718
20722
20724
20725
20731
20732
20735
20739
20740
20742
20747
20749
20050
20052
20056
20057
20058
20059
20062
20063
20065
20068
20072
20074
20079
20080
20081
20082
20083
20086
20087
20090
20092
20096
20097
20100
20101
20102
20105
20106
20107
20108
20112
20113
20120
20121
20122
20126
20127
20128
20129
20133
20134
20138
20142
20143
20144
20148
20150
20153
20156
20158
20159
20165
20168
20171
20172
20174
20176
20177
20178
20179
20180
20185
20188
20190
20191
20193
20194
20199
20202
20203
20204
20209
20211
20212
20213
20214
20215
20216
20218
20223
20224
20225
20227
20228
20232
20234
20236
20237
20243
20249
20251
20252
20256
20258
20260
20262
20264
20266
20270
20277
20278
20281
20282
20283
20286
20287
20290
20291
20292
20299
20308
20310
20311
20312
20313
20317
20318
20319
20320
20322
20323
20324
20331
20333
20335
20339
20340
20346
20347
19981
19982
19983
19986
19987
19988
19989
19990
19991
19998
20001
20007
20008
20009
20014
20020
20021
20023
20024
20025
20027
20028
20029
20031
20035
20038
20043
20046
20048
19236
19239
19242
19243
19244
19248
19250
19257
19258
19262
19264
19265
19266
19268
1927
19270
19272
19278
19279
1928
19280
19282
19284
19285
19286
19293
19294
19295
19296
19299
19301
19302
19303
19305
19306
19307
19308
19309
19311
19315
19318
19320
19322
19323
19325
19326
19328
19331
19333
19335
19337
19341
19343
19344
19345
19346
19347
19348
19349
19350
19351
19352
19354
19355
19359
19361
19362
19363
19364
19365
19366
19379
19383
19384
19385
19387
19390
19396
19397
19399
19400
19408
19409
19410
19411
19416
19418
19419
19420
19422
19425
19428
19433
19434
19435
19443
19444
19445
19446
19451
19453
19454
19455
1889
18890
18893
18894
18895
18896
18899
18900
18902
18903
18908
18909
18910
18911
18915
18916
18917
18919
18920
18923
18924
18926
18927
18931
18935
18936
18937
18940
18942
18943
18944
18950
18952
18960
18963
18965
18966
18969
18971
18972
18973
18975
18976
18982
18983
18984
18987
18988
18995
18998
18999
19001
19002
19006
19009
19012
19014
19017
19022
19024
19025
19026
19028
19029
19031
19033
19034
19035
19037
19039
19041
19042
19043
19047
19048
19049
19053
19054
19058
19063
19065
19072
19074
19076
19080
19082
19087
19092
19093
19096
19097
19099
19100
19101
19103
19111
19116
19117
19122
19124
19126
19127
19128
19129
19131
19169
19184
19185
19190
19215
19216
19218
19229
19233
17732
17733
17736
1774
17740
17741
17742
17745
17746
17748
17751
17753
17754
17755
17758
17759
1776
17763
17764
17765
17767
17768
17771
17772
17774
17775
17777
17778
17783
17786
17789
17790
17801
17802
17803
17804
17806
17813
17815
17817
17821
17822
17825
17826
17827
17830
17831
17832
17833
1786
1789
17911
17912
17913
17915
17916
17918
17919
17921
18329
18330
18331
18332
18333
18335
18336
18343
18345
18346
18347
18351
18353
18354
18356
18357
18358
18359
18363
18369
18370
18372
18373
18374
18376
18377
18378
1838
18380
18383
18385
18386
18388
1839
18392
18393
18399
1840
18400
18404
18405
18408
19461
19463
19465
19471
19474
19478
19480
19483
19486
19489
19490
19493
19496
19497
19499
19500
19501
19502
19507
19508
19509
19517
19523
19524
19527
19532
19535
19536
19537
19540
19541
19542
19545
19546
19548
19550
19551
19552
19555
19556
19559
19561
19564
19575
19579
19580
19584
19585
19586
19589
19590
19592
19593
19598
19599
19600
19602
19605
19611
19613
19615
19618
19623
19626
19627
19629
19630
19632
19636
19638
18711
18714
18717
18718
18719
18722
18723
18725
18726
18728
18729
18735
18739
18740
18741
18743
18746
18751
18755
18758
18761
18763
18764
18769
18772
18773
18777
18779
18780
18781
18782
18784
18785
18789
18790
18791
18793
18800
18805
18807
18809
18817
18819
18822
18826
18827
18828
18829
18830
18831
18837
18838
18839
18846
18852
18855
18857
1886
18861
18862
18863
18864
18865
18866
18868
18874
18878
18883
18885
18410
18411
18419
18420
18421
18422
18428
18430
18435
18437
18440
18442
18445
18447
18448
18449
18451
18452
18455
18459
18461
18464
18465
18466
18467
18468
18472
18478
18479
18480
18486
18489
18490
18492
18495
18496
18499
18503
18504
18505
18506
18507
18509
18510
18511
18513
18514
18515
18516
18517
18518
18519
18522
18523
18524
18526
1853
18531
18534
18537
18539
18543
18545
18550
18552
18554
18560
18561
18564
18567
18569
18570
18571
18572
18573
18578
18580
18581
18584
18586
18587
18588
18589
18590
18591
18592
18596
18597
1860
18600
18602
18607
18609
1861
18612
18615
18617
18619
18620
18621
18622
18625
18628
18633
18634
18635
18636
18640
18643
18644
18646
18651
18652
18653
18659
18664
18666
18673
18676
18677
18679
18680
18682
18692
18696
18699
18703
18707
18708
18709
19643
19648
19650
19655
19659
19662
19664
19666
19669
19671
19673
19674
19675
19676
19677
19678
19680
19681
19686
19687
19689
19690
19695
19696
19698
19699
19700
19701
19702
19703
19707
19708
19710
19712
19714
19715
19716
19717
19719
19723
19725
19727
19729
19731
19732
19733
19735
19736
19738
1974
19742
19748
19750
19751
19752
19754
19757
19758
19760
19762
19763
19764
19768
19770
19771
19773
19774
19775
19779
19782
19786
19787
19789
19791
19792
19794
19799
19800
19802
19804
19805
19806
19808
19809
1981
19810
19811
19812
19813
19817
19820
19821
19824
19826
1983
19830
19831
19832
19833
19839
19840
19842
19843
19844
19847
19848
19850
19851
19852
19854
19855
19857
1986
19860
19863
19864
19865
19869
19871
19873
19874
19876
19880
19882
19884
19885
1989
19890
19892
19893
19895
19897
19898
19900
19901
19903
19904
19905
19907
19911
19916
19917
19918
19919
1992
19920
19923
19926
19927
19929
1993
19932
19933
19934
19935
19937
19938
19939
1994
19940
19945
19946
19947
19949
1995
19951
19952
19954
19955
19956
19957
19958
19961
19962
19963
19965
19968
19972
19974
19975
19977
19978
1998
17543
17545
17547
17549
17552
17553
17554
17555
17556
17559
17561
17562
17563
17571
17573
17575
17576
17577
17578
17580
17583
17588
17590
17591
17592
17593
17595
17596
17597
17598
17602
17603
17607
17609
17612
17614
17615
17616
1762
17620
17621
17623
17624
17626
17631
17633
17636
17638
17640
17641
17642
17685
17686
17687
17691
17694
17697
17698
17700
17701
17703
17707
17709
17711
17713
17714
17715
17716
17725
17731
22661
22662
22664
22666
22667
22668
22669
22670
22671
22672
22675
22677
22681
22684
22685
22686
22687
22688
22691
22693
22694
22695
22696
22697
22698
22701
22702
22703
22704
22705
22707
22709
22713
22714
22715
2417
2419
2421
2422
2430
2439
2622
2630
2631
2806
2815
2860
2862
2869
3078
3088
3092
3123
3156
3602
3802
4009
4044
4138
4172
4192
4239
4251
4391
4408
4410
4412
4418
4601
4604
4619
4622
4801
4806
4834
5001
5064
5124
5127
5129
5154
5168
5211
5265
5270
5274
5287
5292
5334
5335
5336
5350
5401
5604
5617
5619
577
5804
593
594
595
6427
6429
6449
6559
6601
6623
6625
6635
6637
6652
6718
6774
7288
7294
7299
7303
7315
7321
7339
7345
7355
7356
7397
7632
7633
7634
7635
7636
7640
7641
7655
7656
7702
7707
21863
21864
21868
21870
21873
21874
21875
21878
21879
21880
21883
21884
21885
21886
21887
21888
21893
21900
21901
21902
21903
21906
21907
21909
21910
21911
21912
21913
21914
21916
21917
21918
21919
21925
21926
21928
21934
21935
21938
21939
21942
21944
21946
21947
21952
21953
21955
21956
21957
21959
21960
21961
21962
21968
21970
21971
21973
21975
21976
21979
21981
21984
21985
21986
21988
21990
21991
21994
21999
22000
22004
22006
22008
22009
22010
22011
22013
22014
22019
22022
22025
22027
22031
22032
22036
22038
22040
22042
22043
22044
22045
22046
22047
22050
22056
22064
22065
22071
22072
22073
22077
22084
22087
22088
22089
22093
22094
22101
22102
22106
22109
776
8245
8249
8253
8256
8272
8285
8292
8299
8314
8402
8416
8451
8455
8459
8604
8659
8661
8662
8663
8664
8665
8673
8692
8693
8694
8695
8696
8698
8699
8717
8719
8727
8728
8729
8730
8731
8737
8738
8739
8741
8748
8750
8752
8753
8761
8763
8771
8774
8776
8778
8782
8783
8786
8790
8794
8798
8815
8818
8820
8821
8824
8825
8829
8830
8833
8834
8835
8839
8844
8846
8855
8856
8858
8859
8860
8862
8863
8864
8866
8867
8868
8869
8871
8874
8883
8886
8889
8890
8892
8898
8900
8901
8915
8917
8918
8919
8920
8921
8923
8926
8927
8929
8933
8935
8938
8939
8940
8942
8946
8947
8948
8953
8954
8961
8963
8964
8968
8970
8981
8983
8984
8993
9010
9013
9014
9015
9016
22117
22118
22123
22124
22125
22131
22147
22148
22149
22150
22151
22153
22155
22156
22158
22159
22161
22165
22166
22173
22176
22179
22180
22182
22183
22184
22185
22186
22187
22188
22189
22191
22192
22193
22195
22196
22197
22201
22205
22206
22211
22212
22215
22216
22217
22218
22219
22220
22222
22224
22225
22227
22229
22232
22236
22241
22244
22246
22247
22248
22250
22254
22255
22257
22259
22261
22264
22268
22269
22270
22273
22275
22276
22277
22278
22280
22281
22283
22285
22286
22287
22288
22290
22295
22298
22299
22300
22306
22307
22310
22312
22317
22318
22319
22321
22328
22329
22330
22332
22333
22334
22340
22341
22342
22343
22345
22346
22347
22350
22352
22353
22354
22356
22362
22365
22369
22372
22373
22374
22376
22379
22380
22383
22386
22387
22388
22390
22391
22392
22393
22394
22395
22397
22399
22403
22404
22405
22406
22409
22410
22411
22412
22415
22416
22417
22418
22419
22423
22424
22426
22431
22436
22438
22443
22451
22452
22454
22460
22463
22465
22466
22467
22468
22469
22470
22471
22473
22474
22475
22479
22480
22481
22482
22484
22486
22490
22491
22493
21638
21639
21641
21642
21649
21651
21663
21664
21666
21668
21670
21672
21675
21676
21698
21699
21700
21701
21703
21706
21708
21710
21711
21713
21714
21715
21716
21718
21719
21722
21724
21726
21727
21728
21731
21732
21733
21734
21736
21738
21740
21741
21743
21745
21746
21748
21749
21755
21756
21760
21766
21767
21776
21777
21778
21779
21780
21781
21783
21785
21786
21787
21789
21790
21793
21797
21800
21801
21805
21809
21810
21814
21815
21816
21817
21818
21827
21828
21830
21835
21840
21841
21842
21843
21845
21846
21850
21851
21857
21859
9026
9028
9030
9046
9055
9069
9070
9072
9076
9077
9080
9081
9082
9089
9090
9094
9099
9106
9107
9108
9116
9134
9136
9137
9140
9142
9143
9149
9154
9155
9160
9173
9174
9175
9176
9178
9179
9180
9182
9183
9185
9186
9187
9191
9192
9193
9195
9196
9204
9206
9207
9208
9209
9210
9212
9213
9217
9218
9220
9221
9223
9227
9231
9233
9234
9235
9236
9239
9241
9244
9245
9248
9250
9253
9256
9258
9260
9261
9262
9263
9268
9269
9272
9274
9275
9276
9277
9278
9279
9281
9282
9283
9287
9288
9290
9294
9296
9297
9300
9306
9309
9310
9311
9313
9319
9322
9323
9324
9327
9328
9329
9332
9333
9337
9338
9339
9343
9345
9347
9350
9351
9353
9354
9358
9359
9366
9367
9372
9374
9376
9377
9401
9415
9427
9428
9429
9430
9449
9452
9454
9455
9456
9459
9460
9462
9463
9468
9469
9470
9471
9473
9478
9479
22497
22502
22515
22516
22518
22519
22520
22526
22527
22529
22531
22532
22533
22534
22535
22536
22537
22539
22540
22542
22546
22547
22550
22555
22556
22557
22559
22561
22566
22570
22572
22574
22576
22577
22578
22581
22585
22586
22592
22596
22598
22600
22601
22603
22604
22606
22609
22611
22612
22614
22618
22619
22620
22624
22625
22627
22628
22629
22633
22634
22635
22636
22637
22639
22643
22644
22647
22649
22650
22653
22654
9483
9484
9487
9491
9494
9497
9509
9539
9540
9552
9553
9557
9597
9601
9602
9613
9614
9616
9617
9618
9619
9620
9626
9630
9634
9635
9636
9639
9640
9649
9650
9651
9668
9680
9683
9684
9686
9687
9688
9691
9711
9712
9715
9719
9738
9745
9747
9748
9749
9750
9761
9762
9763
9765
9767
9770
9778
9779
9780
9782
9783
9806
9816
9817
9819
9834
9836
9838
9839
9841
9843
9845
9846
9847
9849
9850
9886
9887
9895
9900
9903
9910
9917
9919
9952
9954
9956
9957
9968
9977
9985
9990
9992
9994
9995
9996
9998
9999
11092
11093
11104
11106
11113
11114
11115
11116
11117
11119
11121
11125
11128
11129
11134
11135
11136
11137
11138
11139
11142
11148
11149
11162
11165
11170
11171
11175
11176
11181
11182
11188
11193
11194
11207
11209
11215
11216
11217
11221
11222
11225
11229
11231
11268
11274
11276
11277
11278
11280
11281
11286
11287
11292
11313
11314
11343
11346
11351
11357
11371
11373
11375
11376
11377
11380
11387
11388
11389
11393
11394
11396
11399
11403
11407
11409
11410
11412
11413
11417
11419
11420
11425
11441
11442
11444
11446
11450
11451
11452
11454
11458
11460
11461
11463
11464
11466
11467
11468
11469
11470
11471
11474
11476
11479
11480
11484
11486
11487
11488
11489
11754
11758
11761
11762
11767
11768
11771
11772
11773
11775
11776
11777
11778
11781
11782
11784
11785
11786
11787
11790
11791
11794
11796
11799
11800
11801
11806
11807
11810
11811
11817
11818
11820
11821
11822
11824
11827
11829
11830
11831
11832
11833
11837
11843
11845
11847
11850
11851
11853
11854
11857
11859
11861
11863
11865
11868
11870
11875
11876
11877
11897
11899
11902
11909
11914
11915
11921
11922
11924
11927
11931
11932
11934
11937
11938
11939
11940
11944
11945
11947
11949
11952
11953
11966
11968
11969
11970
11972
11975
11978
11979
11980
11981
11983
11991
11993
11994
11997
11999
12001
12002
12005
12008
12012
12019
1202
12024
12025
12027
12028
12032
10330
10332
10333
10335
10341
10342
10343
10345
10346
10348
10349
10359
10365
10366
10367
10369
10370
10384
10386
10387
10389
10391
10393
10395
10396
10403
10405
10408
10409
10411
10412
10413
10415
10418
10439
10441
10444
10445
10446
10447
10449
10450
10460
10461
10462
10463
10470
10471
10472
10473
10481
10482
10483
10487
10488
10493
10499
10502
10508
10509
10512
10513
10514
10515
10521
10522
10524
10525
10526
10527
10529
10536
10537
10538
10541
10564
10565
10586
10587
10765
10766
10767
10768
10776
10790
10791
10796
10797
10798
10814
10820
10822
10825
10848
10851
10852
10859
10869
10870
10871
10875
10878
10896
10904
10905
10906
10907
10945
10946
10948
10949
10950
10952
10953
10956
10957
10967
10968
10971
10973
10975
10976
10977
10978
10979
11007
11012
11013
11014
11017
11018
11023
11026
11027
11028
11048
11055
11061
11063
11064
11065
11067
11069
11072
11073
11075
11078
11089
10136
10145
10147
10152
10153
10158
10159
10167
10168
10169
10170
10194
10198
10199
10202
10204
10208
10211
10212
10214
10215
10219
10221
10222
10224
10236
10247
10248
10250
10252
10253
10254
10257
10258
10261
10262
10264
10266
10268
10271
10273
10274
10281
10287
10293
10297
10302
10303
10311
10312
10318
10323
10325
10326
10328
11490
11492
11498
11500
11501
11502
11503
11507
11508
11509
11510
11512
11515
11516
11518
11519
11520
11523
11525
11546
11547
11549
11552
11555
11557
11559
11561
11564
11565
11567
11570
11572
11574
11575
11577
11578
11579
11591
11592
11593
11596
11597
11600
11604
11610
11612
11613
11614
11615
11617
11620
11625
11631
11635
11639
11659
11669
11673
11676
11677
11678
11684
11690
11691
11702
11704
11710
11711
11720
11727
11728
11730
11731
11733
11736
11738
11739
11740
11741
11743
11744
11749
11750
11751
10588
10589
10597
10612
10614
10615
10618
10623
10626
10630
10634
10635
10639
10640
10649
10650
10653
10654
10655
10657
10660
10661
10662
10663
10664
10668
10670
10674
10677
10679
10684
10691
10693
10697
10699
10700
10701
10702
10705
10712
10724
10727
10731
10743
10744
10746
10748
10750
10751
10752
10753
10027
10030
10041
10042
10045
10046
10047
10052
10057
10059
10065
10066
10067
10068
10071
10081
10083
10085
10088
10089
10091
10108
10110
10116
10117
10118
10128
10004
10007
10009
10010
10011
10012
10015
10016
10021
10763
13469
13477
13478
13489
13490
13491
13494
13495
13514
13516
13517
13523
13526
13533
13534
13544
13545
1355
13551
13552
13555
13560
13563
13564
13565
13567
13570
13575
13576
13582
13583
13587
13589
13593
13594
13595
13598
1360
13600
13601
13603
13604
13606
13612
13616
13617
1362
13635
13637
13646
13651
13653
13654
13655
13656
13657
13658
13660
13664
13665
13675
13676
13677
13679
13681
13683
13684
13685
13686
13688
13690
13699
13700
13703
13704
1371
13710
13711
13714
13724
13729
13730
13731
13733
13735
13737
13738
13745
1376
13770
13776
12601
12603
12607
1261
12611
12613
12639
12643
12644
12646
12650
12651
12653
12654
12656
12658
12659
12661
12664
12666
12669
12674
12675
12676
12682
12683
12685
12687
12688
12691
12693
12694
12695
12706
12708
12712
12716
12719
12721
12722
12724
12726
12728
12731
12732
12734
12741
12742
12745
12749
1275
12750
12751
12753
12754
12755
12759
12760
12761
12762
12763
12766
12767
12768
1277
12770
12771
12773
12774
12775
12776
12777
12779
12780
12782
12784
12789
12801
12807
12814
12817
12818
12820
12822
12823
12824
12825
12828
12829
12830
12832
12835
12837
12839
12840
12845
12847
12879
12880
12901
12906
12909
12910
12912
12915
12916
12919
12920
12922
12923
12926
12927
12929
12931
12945
12960
12961
12973
12994
13013
13014
13016
13017
13018
13022
13024
13025
13027
13028
13029
13030
13031
13033
13035
13036
13047
13053
13054
13067
13128
13129
13134
13136
13139
13143
13144
13146
13148
13166
13187
13209
13214
13232
13240
13242
13243
13244
13247
13256
13258
13260
13261
13263
13266
13270
13272
13273
13284
13290
13292
13313
13332
13335
13336
13339
13343
13349
13350
13351
13352
13353
13354
13355
13357
13360
13362
13378
13379
13381
13382
13384
13385
13387
13388
13390
13400
13417
13422
13424
13440
13441
13442
13450
13457
13462
13463
13464
13465
13778
13779
13803
13805
13807
13808
13809
13810
13812
13813
13814
13818
13819
13821
13825
13827
13831
13833
13834
13836
13838
13841
13848
13849
13852
13853
13855
13859
13861
13863
13865
13866
13867
13869
13885
13886
13887
13889
13890
13892
13893
13896
13898
13900
13901
13907
13909
13910
13913
13915
13916
13918
13919
13920
13921
13922
13923
13924
13925
13926
13929
13932
13933
13938
13939
13940
13941
12332
12336
12338
12348
12349
12353
12355
12356
12364
12369
12374
12375
12376
12377
12378
12380
12381
12382
12383
12388
12392
12393
12394
12396
12397
12398
12399
12403
12404
12405
12407
12408
12409
1241
12411
12412
12413
12414
12416
12417
12420
12421
12424
12439
12447
12448
12449
12453
12454
12462
12463
12464
12469
12470
12471
12472
12473
12485
12486
12487
12489
12490
1251
12518
12520
12523
12526
12528
12531
12543
12544
12545
12546
12548
12554
12555
12557
12558
12559
12562
12565
12566
12568
12569
12570
12586
12588
12590
12597
12123
12126
12127
12129
12130
12132
12134
12136
12139
12141
12142
12144
12146
12149
12150
12151
12153
12154
12155
12156
12159
1216
12160
12161
12162
12164
12165
12169
12174
12175
12177
12178
12181
12182
12185
12190
12191
12192
12194
12195
12197
12200
12202
12203
12206
12208
12209
12210
12211
12212
12214
12217
12218
12219
12220
12222
12227
12234
12238
12248
12249
12250
12254
12257
12260
12264
12272
12285
12290
12291
12292
12293
12295
12297
12300
12302
12304
12305
12307
12311
12312
12313
12314
12317
12319
12320
12325
12326
12327
12328
12329
1233
12033
12037
12038
12040
12041
12045
12047
1205
12051
12052
12054
12055
12057
12061
12063
12066
12072
12074
12075
12080
12081
12083
12085
12086
12088
12094
12096
12097
12098
12099
12106
12107
12111
12117
12118
12119
12120
13950
13951
13953
13954
13961
13962
13963
13965
13970
13974
13984
13990
13997
14000
14002
14010
14011
14013
14016
14023
14024
14025
14035
14036
14037
15196
15203
15204
15205
15212
15213
15216
15219
15220
15221
15227
15239
15240
15241
15242
15245
15246
15248
1525
15251
15252
15256
15258
15262
15264
15265
15268
15270
15271
15272
15279
15280
15283
15285
15286
15287
15288
15290
15291
15292
15303
15304
15305
15306
15307
15313
15324
15332
15336
15338
15339
15340
15345
15348
15351
15354
15355
15356
15357
15360
15363
15367
15368
15369
15378
15379
15381
15384
15385
15388
15389
1539
15391
15393
15396
1540
15403
15407
15408
15410
15411
15420
15421
15422
15426
15427
15434
15436
15441
15443
15444
15445
15446
14729
14730
14731
14741
14742
14743
14744
14745
14753
14754
14755
14757
14758
14763
14765
14766
14768
14771
14772
14775
14777
14779
14784
14791
14793
14794
14796
14797
14802
14803
14804
14807
14810
14813
14816
14818
14820
14821
14822
14829
14830
14831
14834
14836
14837
14841
14844
14846
14847
14853
14854
14856
14857
14859
14863
14866
14874
14882
14887
14893
14894
14909
14910
14911
14912
14916
14917
14919
14926
14928
14932
15055
15058
15062
15066
15067
15068
15073
15076
15077
15084
15085
15086
15087
15089
15095
15103
15107
15108
15109
15111
15112
15113
14427
14429
14430
14431
14432
14434
14435
14436
14439
14440
14441
14444
14451
14452
14466
14467
14469
14470
14472
14473
14474
14475
14476
14477
14478
14479
14485
14487
14489
14491
14496
14497
14498
14499
14500
14502
14504
14505
14508
14510
14513
14515
14520
14522
14525
14527
14528
14530
14532
14533
14536
14537
14538
14539
14540
14541
14547
14548
14549
14550
14551
14553
14554
14555
14558
1456
14561
14562
14563
14567
14577
14578
14579
14580
14585
14586
14587
14588
14589
1459
14591
14595
14596
14092
14093
14098
14099
14103
14106
1411
14110
14111
14112
14113
14114
14115
14118
14119
14120
14121
14123
14129
14132
14133
14134
14136
14139
14150
14153
14157
14159
14162
14164
14165
14168
14169
14170
14175
14178
14181
14183
14185
14190
14192
14193
14195
14196
14197
14198
14200
14201
14209
14210
14212
14215
14216
14218
15452
15454
15455
15456
15457
15459
15462
15463
15464
15465
15467
15468
15470
15471
15472
15473
15474
15479
15480
15485
15486
15488
15489
15493
15494
15500
15501
15502
15504
15505
15507
15508
15513
15514
15519
15524
15527
15529
15531
15532
15533
15537
15539
15540
15541
15542
15543
15544
15546
15547
15548
15549
15552
15555
15562
15566
15567
15569
15575
15576
15578
15580
15582
15584
15585
15586
15587
15589
15590
15591
15597
15598
15600
15609
14220
14223
14224
14230
14236
14238
14240
14241
14245
14246
14247
14249
14264
14265
14269
14271
14274
14276
14281
14285
14286
14290
14291
14297
14298
14300
14304
14310
14325
14327
14332
14336
14339
14341
14356
14357
14360
14361
14362
14363
14369
14370
14372
14376
14377
14389
14390
14393
14394
14396
14397
14418
14419
14423
14597
14599
14601
14604
14606
14608
14609
14613
14614
14615
14619
14625
14627
14628
14631
14637
14639
14642
14643
14645
14649
14653
14654
14656
14675
14676
14679
14680
14684
14685
14689
14692
14694
14697
14698
14699
14700
14702
14704
14706
14709
14710
14712
14713
14716
14717
14718
14722
14723
14724
14725
14727
15114
15132
15134
15136
15137
15138
15139
15142
15144
15146
15147
15149
15150
15151
15158
15159
15162
15163
15164
15167
15168
15169
15170
15174
15175
15176
15184
15185
15186
15189
15193
15194
15195
14039
14040
14041
14045
14046
14049
14050
14051
14052
14053
14055
14056
14057
14058
14060
14061
14064
14065
14069
14071
14072
14076
14078
14080
14083
14084
14085
14087
14088
14089
15935
15936
15937
15938
15941
15943
15944
15946
15952
15957
15960
15961
15963
15964
15966
15970
15973
15976
15977
15979
15980
15984
15985
15986
15987
15988
15993
15999
16002
16003
16006
16007
16010
16016
16017
16024
16027
16028
16029
16032
16035
16044
16049
16050
16053
16054
16055
16056
16057
16058
1606
16061
16062
16063
16064
16066
16068
16076
16078
16079
16082
16084
16090
16092
16100
16105
16107
16108
16109
16110
16112
16115
16116
16119
16124
16125
16126
16127
16128
16131
16132
16133
16136
16137
16138
16142
16144
16145
16149
16153
16154
16155
16162
16164
16166
16168
16171
16172
16404
16405
16406
16407
16414
16415
16419
16421
16423
16425
16426
16427
16428
16429
16430
16431
16432
16436
16437
16440
16441
16443
16445
16446
16450
16451
16456
16457
1646
16465
16478
16479
16483
16484
16485
16487
16488
16490
16491
16493
16494
16496
16497
16499
16502
16504
16506
16508
16510
16513
16514
16515
16516
16518
16519
16520
16522
16524
16526
16527
16528
16540
16541
16544
16546
16547
16551
16552
16553
16554
16559
16560
16563
16565
16568
16573
16577
16578
1658
16580
16582
16585
16590
16591
16593
16601
16602
16604
16605
16606
16608
16609
16610
16611
16612
16613
16615
16617
16618
16621
16626
16627
1663
16631
16633
16635
16636
16650
16656
16660
16663
16666
16667
16668
16670
16677
16678
16681
16682
16685
16686
16696
16702
16703
16704
16705
16706
16709
16710
16715
16716
16718
16720
16722
16724
16725
1673
16730
16731
16733
16734
16737
16739
16740
16741
16742
16743
16744
16745
16746
16747
16748
16750
16753
16755
16759
16760
16766
16768
16769
16770
16175
16177
16178
16180
16181
16200
16204
16206
16211
16213
16214
16220
16221
1624
16248
16251
16252
1626
16260
16267
16270
16271
16279
16280
16285
16286
16287
16290
16292
16295
16298
16299
16302
16303
16304
16306
16307
16309
16310
16313
16316
16317
16318
16319
16330
16336
16338
16339
16340
16343
16344
16345
16347
16348
16356
16361
16362
16364
16366
16371
16373
16382
16383
16384
16385
15615
15619
15620
15621
15622
15623
15624
15626
15627
15628
15629
15635
15636
15638
15639
15640
15643
15653
15656
15658
15659
15664
15665
15667
15675
15680
15683
15691
15692
15694
15697
15707
15710
15713
15715
15716
15720
15721
15722
15723
15725
15733
15734
15735
15736
15738
15740
15741
15742
15744
15746
15759
15760
15762
15766
15767
15770
15773
15778
15792
15796
15800
15801
1581
15810
16941
16943
16950
16951
16952
16954
16956
16957
16960
16964
16965
16966
16968
16969
16970
16971
16976
16977
16979
16982
16983
16984
16985
16986
16989
16992
16993
16994
16996
16997
16998
17000
17002
17003
17007
17008
17009
17010
17015
17018
17024
17030
17032
17033
1704
17041
17042
17043
17045
17046
17048
17049
17050
17052
17055
17057
17058
17061
17064
17065
17066
17067
17075
17077
17080
17081
17084
16774
16775
16776
1678
16780
16781
16782
16784
16785
16786
16787
16790
16792
16793
16797
16800
16802
16803
16804
16805
16807
16809
16812
16814
16815
16818
16819
16825
16826
1683
16830
16831
16833
16840
16841
16843
16844
16848
16852
16853
16865
16879
16882
16888
16895
16896
16901
16903
16905
16906
16913
16914
16917
1692
16920
16923
16925
16926
16928
16931
16932
16934
1694
15813
15814
15815
15817
15818
15820
15821
15834
15835
15838
15840
15842
15853
15854
15856
15857
15858
15860
15869
15871
15872
15895
15898
15899
15900
15905
15909
15914
15919
17085
17087
17088
17090
17092
17095
17096
17097
17098
18747
18748
18749
18750
18752
18753
18754
18756
18757
18759
18760
18762
18765
18766
18767
18770
18771
18774
18775
18776
18778
18783
18786
18787
18788
18792
18796
18797
18798
18799
18801
18802
18803
18804
18808
18813
18814
18815
18816
18818
18820
18821
18823
18824
18825
18832
18833
18834
18835
18836
18840
18841
18842
18843
18847
18848
18849
18850
18851
18853
18854
18856
18858
18859
18860
18867
18869
18875
18876
18877
18879
18880
18881
18884
18886
18887
18888
18889
18891
18892
18897
18898
18901
18904
18912
18913
18914
18918
18928
18932
18933
18939
18941
18945
18951
18953
18954
18955
18956
18957
18958
18959
18961
18962
18964
18967
18968
18970
18974
18977
18978
18979
18980
18981
18985
18986
18989
18990
18991
18992
18993
18994
19464
19466
19467
19468
19472
19473
19475
19476
19479
19481
19482
19484
19487
19488
19491
19492
19494
19495
19498
19503
19504
19505
19506
19510
19512
19515
19518
19519
19520
19521
19522
19525
19526
19529
1953
19531
19533
19534
19539
19543
19544
19547
19549
1955
19553
19554
19557
19558
19560
19562
19563
19565
19566
19567
19572
19573
19574
19576
19577
19578
19581
19582
19583
19587
19588
19591
19594
19595
19596
19601
19603
19604
19606
19607
19608
19609
19610
19612
19614
19617
19619
19620
19621
19622
19628
19631
19633
19634
19635
19637
19639
19640
19641
20593
20596
20599
20600
20603
20604
20605
20607
20608
20610
20611
20614
20615
20618
20619
20622
20623
20624
20625
20627
20633
20638
20640
20645
20646
20647
20649
20650
20651
20652
20654
20657
20668
20669
20670
20671
20678
20681
20685
20687
20688
20689
20693
20694
20696
20697
20699
20700
20701
20703
20705
20709
20710
20713
20714
20715
20716
20717
20723
20726
20729
20734
20736
20737
20738
20741
20743
20746
20748
20750
20751
20752
20753
20754
20755
20756
20757
20758
20762
20765
20767
20768
20769
20771
20773
20774
20778
20779
20791
20792
20803
20805
20808
20814
20815
20816
20819
20821
20822
20826
20830
20831
20832
20833
20835
20840
20846
20848
20849
20851
20852
20854
20855
20857
20858
20860
20861
20864
20865
20867
20868
20870
20872
20873
20874
20879
20880
20884
20885
20887
20888
20890
20891
20892
20895
20898
20899
20900
20903
20904
20905
20906
20910
20911
20912
20913
20915
20917
20919
20922
20923
20927
20929
20930
20931
20932
20936
20937
20938
20939
20940
20942
20943
20944
20947
20948
20950
20951
20952
20955
20957
20961
20964
20965
20966
20968
20969
20970
20972
20973
20974
20980
20984
20985
20986
20990
20992
20996
20997
21004
21006
21007
21012
21013
21014
21015
21025
21029
21031
21032
21033
21040
20064
20070
20071
20073
20075
20076
20077
20078
20084
20085
20088
20089
20091
20093
20094
20095
20098
20099
20103
20104
20109
20110
20111
20123
20124
20125
20130
20131
20135
20136
20137
20139
20140
20141
20146
20147
20149
20151
20152
20154
20155
20157
20160
20161
20162
20164
20166
20167
20169
20170
20173
20175
20181
20182
20183
20184
20189
20192
20195
20196
20197
20198
20200
20201
20205
20206
20207
20208
20210
20217
20219
20220
20221
20222
20226
20229
20230
20231
20233
20235
20238
20239
20240
20241
20242
20244
20245
20246
20247
20248
20250
20253
20254
20255
20257
20259
20261
20263
20265
20267
20268
20409
20412
20414
20415
20418
20419
20420
20422
20425
20427
20428
20430
20434
20438
20440
20451
20452
20454
20458
20459
20464
20466
20467
20469
20470
20471
20472
20475
20476
20477
20498
20500
20501
20504
20505
20507
20508
20509
20510
20514
20515
20516
20517
20525
20526
20527
20533
20534
20535
20543
20544
20545
20546
20548
20549
20551
20555
20556
20558
20559
20560
20563
20565
20566
20567
20568
20581
20582
20583
20584
20585
20587
20588
20589
20592
20269
20271
20272
20273
20274
20275
20276
20279
20280
20284
20288
20289
20293
20294
20296
20300
20301
20302
20303
20309
20314
20315
20316
20321
20325
20332
20334
20336
20337
20338
20341
20342
20343
20344
20345
20348
20349
20350
20351
20352
20357
20362
20366
20373
20376
20382
20384
20385
20386
20388
20389
20393
20394
20397
20398
20399
20401
20402
20403
20404
20405
20406
19644
19645
19646
19647
19649
19651
19652
19653
19654
19656
19657
19658
19660
19661
19663
19665
19667
19668
19670
19672
19679
19682
19683
19684
19685
19688
19691
19692
19693
19694
19697
19704
19705
19706
19709
19711
19713
19718
19720
19721
19722
19724
19726
19728
19730
19734
19737
19739
19740
19741
19743
19744
19745
19746
19747
19749
19753
19755
19756
19759
19761
19765
19766
19767
19769
19772
19776
19777
19778
19780
19781
19783
19784
19785
19788
19790
19793
19795
19796
19797
19798
19801
19803
19807
19814
19815
19816
19818
19819
1982
19822
19823
19825
19827
19828
19829
19834
19835
19836
19837
19838
19841
19845
19846
19849
19853
19856
19858
19859
19861
19862
19866
19867
19868
19870
19872
19875
19877
19878
19879
1988
19881
19883
19886
19887
19888
19889
19891
19894
19896
19899
19902
19906
19908
19909
1991
19910
19912
19913
19914
19915
19921
19922
19924
19925
19928
19930
19931
19936
19941
19942
19943
19944
19948
19950
19953
19959
19960
19964
19966
19967
19969
19970
19971
19973
19976
19979
19980
19984
19985
19992
19995
20003
20006
20010
20013
20022
20026
20030
20032
20033
20036
20037
20039
20040
20042
20047
20049
20051
20053
20054
20055
20060
20061
17782
17785
17787
17788
17792
17794
17795
17796
17797
17798
17799
17800
17805
17807
17808
17809
17810
17811
17812
17816
17818
17819
17820
17823
17824
17829
1783
17834
17835
17836
17837
17838
17914
17917
17920
1815
1822
18328
18334
18342
18344
18352
18355
18360
18361
18362
18364
18365
18366
18367
18368
18371
18375
18379
18381
18382
18384
18387
18391
18398
18401
18402
18403
18406
18407
18409
18412
18413
18414
18415
18416
18417
18418
18423
18424
18426
18427
18429
1843
18431
18432
18433
18434
18436
18438
18439
1844
18441
18443
18444
18446
19237
19238
19240
19241
19245
19246
19247
19249
19251
19252
19253
19254
19255
19256
19261
19263
19267
19269
19271
19273
19274
19275
19276
19277
19281
19283
19287
19288
19289
1929
19290
19291
19292
19297
19298
19300
19304
19310
19312
19313
19316
19317
19319
19321
19324
19327
19329
19330
19332
19334
19336
19338
19339
19340
19342
19353
19356
19357
19358
19360
19367
19368
19369
19370
19371
19375
19376
19377
19378
19380
19381
19386
19388
19389
19392
19395
19398
19401
19402
19403
19405
19406
19407
1941
19415
19421
19424
19426
19430
19436
19447
19449
19450
19452
19456
18603
18604
18605
18606
18608
18610
18611
18613
18614
18616
18618
18623
18624
18626
18627
18629
18632
18637
18638
18639
18642
18645
18647
18648
18649
18650
18654
18656
18657
18658
18660
18661
18662
18663
18665
18667
18671
18672
18675
18678
18683
18684
18685
18686
18687
18688
18689
18690
18693
18697
18698
18700
18701
18702
18704
18705
18706
18710
18712
18713
18716
18727
18730
18731
18732
18733
18734
18736
18742
18744
18745
18996
18997
19000
19003
19004
19005
19007
19008
19010
19011
19013
19015
19016
19018
19019
19020
19021
19023
19027
19030
19032
19036
19040
19044
19045
19046
19050
19051
19052
19055
19056
19057
19059
19060
19061
19062
19066
19067
19068
19069
19070
19071
19073
19077
19078
19079
19081
19083
19084
19085
19086
19088
19089
19091
19094
19095
19098
19107
19108
19110
19112
19113
19114
19115
19118
19119
19120
19121
19123
19125
19130
19132
19158
19164
19170
19175
19189
19191
19214
19217
19223
19224
19228
19230
19231
19232
19234
19235
1845
18450
18453
18456
18457
18458
18460
18462
18463
18469
1847
18470
18471
18473
18474
18475
18476
18477
1848
18481
18482
18483
18484
18485
18487
18488
18491
18493
18494
18497
18498
18500
18501
18502
18508
18512
18520
18521
18525
18527
18528
18529
18530
18532
18535
18536
18538
18540
18541
18542
18544
18546
18547
18548
18549
18551
18555
18556
18557
18558
18559
1856
18562
18563
18565
18566
18568
18574
18575
18576
18577
18579
18582
18583
18585
18593
18594
18595
18598
18599
18601
17379
17381
17383
17385
17386
17391
17392
17393
17394
17397
17398
17399
17401
17403
17406
17407
17412
17413
17418
17419
17420
17427
17431
17432
17433
17434
17435
17437
17438
17439
1744
17442
17443
17447
17449
1745
17450
17453
17455
17459
17466
17467
17468
17471
17472
17479
17480
17481
17483
17486
17487
17488
17489
1749
17490
17492
17494
17497
17499
17502
17505
17227
1723
17230
17231
17238
17245
17246
17248
17251
17252
17256
17258
17259
17267
17272
17274
17275
17277
17281
17282
17283
17285
17287
17291
17293
17294
17296
17298
17299
1730
17300
17301
17303
17304
17306
17307
17312
17313
17316
17317
17318
17321
17322
17323
17336
17337
17341
17343
17344
17345
17346
17348
17349
17352
17353
17356
17357
17358
17359
17360
17361
17363
17364
17365
17370
17371
17372
17373
17375
17699
17704
17706
17708
17710
17712
17717
17718
17719
17721
17722
17723
17724
17726
17727
17728
17729
17730
17734
17735
17737
17738
17739
17743
17744
17749
17750
17752
17756
17757
17762
17766
17769
17770
17773
17776
17779
17780
17102
17105
17107
17110
17113
17116
17117
17119
17123
17126
17127
17132
17135
17136
17138
17139
17142
17145
17146
17148
17149
17150
17151
17152
17153
17154
17157
17158
17159
17160
17162
17164
17165
17166
17171
17174
17180
17181
17183
17186
17188
17189
17192
17196
17197
17198
17199
17200
17210
17212
17218
17219
17223
17224
17507
17509
17510
17511
17515
17516
17519
17522
17524
17525
17527
17528
17530
17532
17534
17536
17537
17541
17544
17546
17550
17551
17557
17558
17560
17566
17567
17568
17569
17570
17572
17574
17579
17581
17582
17584
17585
17586
17587
17589
17594
17599
17600
17601
17604
17605
17606
17608
17610
17611
17613
17617
17618
17619
17622
17625
17627
17628
17629
17630
17632
17634
17635
17637
17639
17683
17684
17688
17689
17690
17692
17693
17695
17696
21867
21871
21876
21877
21881
21882
21889
21890
21891
21892
21894
21895
21896
21897
21898
21899
21904
21905
21908
21915
21920
21921
21922
21923
21924
21927
21929
21930
21931
21932
21933
21936
21937
21940
21945
21948
21949
21954
21958
21963
21964
21965
21966
21967
21969
21972
21974
21977
21978
21980
21982
21983
21987
21989
21992
21993
21995
21997
21998
22001
22002
22003
22005
22007
22012
22015
22016
22017
22018
22020
22021
22023
22024
22028
22030
22033
22034
22035
22037
22039
22041
22048
22055
22059
22062
22066
22067
22068
22069
22070
22074
22075
22076
22078
22079
22080
22081
22082
22083
22085
22086
22090
22091
22092
22095
22096
22097
22098
22099
22100
22104
22105
22107
22108
22110
22115
22119
22122
21413
21414
21415
21416
21418
21419
21421
21423
21426
21431
21432
21433
21436
21440
21441
21443
21444
21445
21446
21447
21449
21450
21455
21457
21461
21462
21464
21468
21469
21475
21476
21478
21479
21481
21483
21484
21485
21487
21491
21494
21495
21496
21498
21499
21502
21503
21504
21505
21507
21508
21509
21511
21512
21515
21517
21523
21527
21528
21529
21532
21534
21535
21536
21558
21559
21561
21562
21563
21564
21566
21571
21572
21579
21582
21583
21584
21590
21591
21593
21594
21596
21601
21602
21604
21605
21606
21607
21608
21610
21611
21612
21614
21615
21617
21618
21620
21622
21625
21629
21630
21632
21633
21634
21637
21640
21643
21644
21645
21646
21647
21648
21650
21652
21653
21654
21656
21658
21659
21660
21661
21665
21669
21671
21673
21674
21677
21678
21684
21685
21686
21687
21688
21689
21690
21705
21709
21712
21717
21720
21721
21723
21725
21729
21730
21735
21737
21739
21742
21744
21747
21750
21751
21752
21754
21757
21758
21759
21761
21762
21763
21764
21765
21782
21784
21791
21792
21794
21795
21796
21798
21799
21802
21803
21804
21807
21811
21812
21813
21819
21829
21831
21832
21834
21836
21837
21838
21839
21844
21847
21849
21852
21853
21854
21855
21856
21858
21860
21861
21862
21865
21866
21041
21043
21044
21045
21048
21049
21055
21056
21058
21061
21063
21066
21068
21069
21070
21071
21072
21074
21077
21078
21079
21081
21082
21083
21088
21089
21091
21093
21095
21096
21097
21099
21101
21102
21103
21104
21105
21108
21109
21111
21112
21113
21116
21118
21119
21122
21123
21124
21130
21135
21136
21137
21143
21145
21146
21150
21156
21158
21159
21163
21166
21168
21170
21174
21176
21177
21178
21179
21180
21186
21187
21192
21193
21194
21195
21197
21198
21201
21203
21206
21207
21209
21210
21213
21216
21217
21218
21220
21221
21222
21223
21227
21230
21231
21232
21235
21236
21237
21238
21241
21242
21246
21247
21249
21257
21259
21260
21261
21262
21263
21265
21268
21270
21271
21272
21273
21277
21281
21282
21283
21284
21288
21289
21290
21291
21292
21295
21296
21299
21300
21301
21311
21312
21313
21316
21320
21325
21326
21328
21332
21333
21334
21336
21337
21338
21340
21344
21347
21348
21350
21351
21352
21353
21354
21357
21359
21360
21361
21364
21365
21367
21368
21373
21374
21375
21377
21389
21391
21395
21396
21397
21400
21401
21402
21403
21404
21406
21407
21408
21410
21412
22190
22198
22199
22200
22202
22204
22208
22213
22214
22221
22223
22228
22230
22231
22233
22234
22237
22238
22239
22240
22242
22243
22245
22249
22251
22252
22253
22256
22258
22262
22263
22265
22266
22267
22271
22272
22274
22279
22282
22284
22289
22291
22292
22293
22294
22296
22297
22305
22308
22309
22311
22313
22314
22315
22316
22320
22322
22323
22324
22325
22331
22335
22336
22338
22339
22344
22348
22349
22351
22355
22357
22358
22363
22364
22366
22367
22368
22370
22371
22375
22377
22378
22381
22382
22384
22385
22389
22396
22400
22401
22402
22407
22413
22414
22420
22421
22422
22425
22427
22428
22430
22432
22433
22435
22437
22439
22440
22447
22448
22449
22450
22456
22457
22458
22459
22461
22462
22464
22472
22476
22478
22483
22485
22487
22488
22489
22492
22494
22495
22126
22127
22128
22129
22136
22146
22152
22154
22157
22160
22162
22163
22164
22167
22168
22171
22172
22174
22175
22177
22178
22181
22498
22499
22500
22501
22517
22521
22522
22523
22524
22525
22528
22530
22538
22541
22543
22544
22545
22548
22549
22551
22552
22553
22554
22558
22560
22562
22563
22564
22565
22567
22568
22569
22571
22573
22575
22579
22580
22582
22584
22587
22588
22589
22590
22591
22597
22599
22605
22607
22608
22610
22613
22615
22616
22617
22621
22622
22623
22626
22630
22631
22632
22638
22641
22642
22645
22646
22648
22651
22652
22655
22656
22657
22658
22659
22660
22663
22665
22673
22674
22676
22678
22679
22680
22682
22683
22689
22690
22692
22699
22706
22708
22710
22711
22712
22716
22717
22718
2418
2420
2429
2435
2601
2602
2629
2845
2859
2866
2890
2892
2894
2896
2897
2898
2903
3071
3075
3076
3081
3087
4045
4065
4072
4136
4158
4171
4267
4375
4380
4387
4392
4432
4603
4852
5093
5099
5125
5158
5162
5267
5269
5272
5285
5290
5326
5329
579
5803
6041
6404
6414
6417
6426
6445
6505
6506
6605
6715
6751
7274
7290
7293
7296
7298
7302
7353
7372
7382
7396
7400
7630
7637
7639
7674
7699
7706
7708
789
793
8224
8227
8257
8265
8267
8298
8313
8329
8415
8435
8454
8460
8645
8657
8658
8660
8669
8691
8697
8716
8718
8720
8721
8725
8726
8740
8742
8743
8747
8749
8751
8754
8765
8766
8767
8768
8772
8773
8777
8784
8785
8787
8799
8800
8801
8807
8808
8814
8816
8817
8822
8823
8828
8831
8832
8837
8838
8840
8845
8852
8857
8861
8865
8870
8872
8875
8884
8885
8887
8891
8893
8897
8899
8930
8931
8932
8934
8936
8937
8941
8943
8944
8945
8955
8957
8958
8962
8965
8966
8967
8977
8978
8979
8980
8982
9009
9017
9027
9029
9040
9045
9050
9071
9075
9078
9079
9086
9095
9114
9115
9131
9132
9133
9135
9138
9139
9144
9145
9147
9148
9150
9151
9152
9153
9164
9165
9166
9167
9168
9169
9170
9171
9172
9177
9181
9184
9188
9189
9190
9194
9197
9198
9199
9200
9201
9202
9203
9205
9211
9214
9215
9216
9219
9222
9224
9225
9226
9228
9229
9230
9232
9237
9238
9240
9242
9243
9246
9247
9249
9251
9252
9254
9255
9257
9259
9264
9265
9266
9267
9270
9271
9273
9280
9284
9285
9286
9289
9291
9292
9293
9295
9307
9308
9312
9314
9320
9321
9325
9326
9331
9334
9335
9340
9341
9342
9344
9346
9348
9349
9352
9355
9356
9357
9364
9368
9369
9370
9371
9373
9375
9378
9413
9416
9431
9457
9458
9461
9464
9465
9466
9467
9472
9474
9481
9482
9485
9488
9489
9490
9492
9495
9510
9526
9546
9547
9559
9598
9600
9606
9607
9608
9615
9621
9622
9623
9624
9625
9627
9628
9629
9631
9632
9633
9637
9638
9641
9642
9652
9671
9685
9692
9699
9701
9702
9713
9714
9718
9733
9737
9751
9760
9764
9766
9784
9786
9818
9826
9827
9828
9833
9835
9837
9840
9844
9888
9889
9890
9899
9901
9902
9907
9912
9916
9918
9953
9955
9958
9987
9988
9989
9991
9993
9997